23
23
23
23
23
23
23
23
23
23
23
23
23
23
23
23
23
23
23
23
23
23
23
23
23
23
23
23
23
23
23
23
13
15
15
28
26
36
43
10
21
21
29
26
13
11
13
24
26
26
26
26
26
26
26
26
26
26
13
13
26
26
26
22
39
31
30
29
30
27
25
30
32
15
18
29
25
39
32
32
28
33
30
29
28
30
29
38
29
29
28
18
16
18
26
23
17
23
24
22
24
24
16
25
24
12
14
23
12
38
25
24
24
24
19
23
16
25
23
32
23
23
21
18
15
18
26
23
26
23
15
26
28
45
26
26
25
58
29
16
48
23
28
23
23
15
15
28
28
18
23
45
18
45
23
16
40
23
21
29
13
15
26
26
27
26
15
27
26
42
18
27
26
11
42
23
19
26
16
16
17
25
26
13
23
16
18
27
39
41
42
22
31
31
31
31
31
31
47
29
27
27
27
27
15
15
15
15
30
32
32
32
32
32
32
26
32
30
30
30
30
29
28
25
23
23
23
23
23
23
37
22
24
24
24
24
12
12
12
12
24
25
24
24
24
24
24
26
